2 1
3 1
4 1
4 2
4 3
4 4
5 4
6 4
6 5
7 5
7 6
7 7
8 7
9 7
10 7
11 7
12 7
13 7
14 7
15 7
15 8
15 9
15 10
15 11
16 11
17 11
18 11
18 12
19 12
20 12
21 12
22 12
22 13
23 13
24 13
24 14
25 14
26 14
26 15
27 15
28 15
28 16
28 17
28 18
28 19
29 19
30 19
30 20
30 21
30 22
31 22
32 22
33 22
33 23
34 23
35 23
35 24
36 24
37 24
37 25
38 25
39 25
40 25
41 25
42 25
42 26
43 26
44 26
45 26
46 26
47 26
48 26
49 26
50 26
51 26
52 26
53 26
54 26
55 26
56 26
57 26
58 26
59 26
60 26
61 26
62 26
63 26
64 26
65 26
66 26
67 26
68 26
69 26
70 26
71 26
71 27
71 28
71 29
72 29
72 30
73 30
74 30
74 31
75 31
75 32
76 32
77 32
78 32
78 33
78 34
79 34
